30.3089219464 29.473213423 0 0.680436378914 25
11.410245864 28.2432852794 0 0.911622867549 25
44.6606841408 25.7007920575 0 0.767084748606 25
205.501770425 25.0380435467 0 0.826885609696 25
337.125152139 27.0620495606 0 0.811126677695 25
235.960571827 26.3659538864 0 0.849805634125 25
234.750796122 26.1017305768 0 0.865431335971 25
189.810486928 27.7371897462 0 0.773389801262 25
356.344584298 28.2997453853 0 0.903908440758 25
186.259517791 25.9920310042 0 0.89181942704 25
54.2363426415 29.7444664694 0 0.910315507448 25
41.9611378961 25.649299226 0 0.902595071765 25
2.88843558002 26.5330822629 0 0.840302784139 25
181.528787575 25.5011361344 0 0.689438602993 25
31.9080608255 26.9578231814 0 0.875396824528 25
330.28982171 29.601563342 0 0.781467973009 25
57.0923546658 29.7653623981 0 0.807076179468 25
13.7702874663 28.0604754505 0 0.74473790745 25
36.9674816323 26.188798625 0 0.749968899485 25
134.727763341 27.3311959511 0 0.673332220621 25
337.3684234 27.5905423695 0 0.90607292753 25
95.1401711265 27.7214483431 0 0.652506338766 25
217.15199737 26.9237091944 0 0.688127522698 25
312.232776441 25.3304714492 0 0.757294555697 25
