206.049756455 25.9545762583 0 0.753143148264 25
74.2242479825 29.8482545002 0 0.676000987781 25
234.764023201 27.806979091 0 0.806384486808 25
219.635615907 29.9430357093 0 0.747841349443 25
84.4743346803 29.5016882302 0 0.867785856965 25
218.247361486 28.8767970713 0 0.811434745218 25
351.331463737 25.903722748 0 0.711306841168 25
315.071204431 25.6616881657 0 0.707801725582 25
159.797034567 28.8383167385 0 0.704566336701 25
309.344589059 25.8571775654 0 0.7054791035 25
84.8562340942 28.9509395806 0 0.789844904247 25
124.379606817 28.4028990936 0 0.847928002109 25
203.344904917 26.713685115 0 0.940227722922 25
66.3432097093 28.5293470616 0 0.750492543829 25
257.047504125 28.5609210674 0 0.659094833491 25
334.940451326 25.8298310667 0 0.868176824067 25
308.590450748 27.4261275528 0 0.901554265168 25
18.5879837242 26.5188305252 0 0.758762973746 25
98.1737789134 27.9441474915 0 0.874588477052 25
237.59663825 27.0451463724 0 0.672193723154 25
0.10554153802 28.8772509769 0 0.889908376119 25
136.009914906 25.3177393825 0 0.940162938716 25
269.631627351 27.0795030355 0 0.796139958246 25
182.843346542 26.9470500819 0 0.685308842152 25
