250.184270741 29.9246995957 0 0.76836943525 25
57.0445805427 28.9265443283 0 0.833087709297 25
273.553904172 27.4703690836 0 0.739590149097 25
170.431392091 26.0474974164 0 0.820356148297 25
87.4400534908 29.9698469019 0 0.886406635353 25
263.692826698 28.8828320842 0 0.937123188745 25
69.9819377287 27.5593011382 0 0.830893239618 25
236.557851818 27.6903456587 0 0.947003299862 25
33.2122517973 29.1292506471 0 0.850083307848 25
25.5468774127 28.4196459927 0 0.885923180196 25
55.1503148877 29.1379369738 0 0.726075323658 25
213.250283398 27.5929468043 0 0.687059823013 25
277.36407236 25.5824354717 0 0.780283318662 25
71.6336123858 29.5752851675 0 0.924707394206 25
17.6026306902 28.134600548 0 0.761706301351 25
336.392451434 25.4917689066 0 0.924972553649 25
223.718597517 25.2904151106 0 0.923960087446 25
9.83816941683 25.7929204394 0 0.69480201922 25
143.382779981 25.8560315672 0 0.716753544464 25
145.772599911 27.6917070999 0 0.78647820927 25
252.879500369 25.1837270545 0 0.907462220089 25
298.771155845 27.8806816908 0 0.696544068626 25
229.424379938 27.6116856987 0 0.813582836744 25
41.3337299772 29.1759807901 0 0.813304001737 25
