4.33335464042 26.7762405951 0 0.799711269554 25
95.5013170069 26.4245184049 0 0.656514004014 25
109.68244555 26.4390659859 0 0.673776878893 25
264.455312621 28.681753898 0 0.781045141351 25
174.485910224 29.8461169541 0 0.794084230916 25
88.5258302177 26.614125836 0 0.778554777028 25
325.991376335 26.992760508 0 0.870402204488 25
331.123968792 26.4359575272 0 0.787509185737 25
57.1784206961 28.8086229891 0 0.933038628173 25
103.359147827 26.3467448106 0 0.868103755622 25
272.479417465 29.1506523495 0 0.767288023487 25
350.503970656 25.333838362 0 0.751989201205 25
212.301450966 27.5156175931 0 0.883558669568 25
259.239248309 27.7062716198 0 0.719309408465 25
298.740912914 29.2593725089 0 0.855936300591 25
92.4484177652 26.423724295 0 0.924218013087 25
325.187991673 27.2845768491 0 0.864470300319 25
136.961423202 28.7983880068 0 0.832150719549 25
319.745210941 27.7384944521 0 0.775865944354 25
69.651943506 26.7036077707 0 0.681287468609 25
126.477299924 27.41124467 0 0.864790858816 25
77.3253234535 26.9060774211 0 0.943862857293 25
239.062017928 28.3357343176 0 0.758039489761 25
233.154968796 27.0520188901 0 0.86301821757 25
