139.689429925 25.4373797309 0 0.728990704869 25
236.929012711 27.6929599631 0 0.711019188777 25
172.968928502 26.1026497315 0 0.807964290091 25
108.963329307 25.1945258608 0 0.861991013302 25
347.57212936 25.0367522794 0 0.822162357677 25
89.7554103847 29.3587855943 0 0.888793702237 25
177.967927619 28.5017054098 0 0.770897491273 25
334.215024082 28.5890885527 0 0.816134853521 25
110.637940759 27.3952069323 0 0.708732061015 25
126.387094556 27.4445151612 0 0.924089013956 25
228.804928868 27.2459267124 0 0.785613536018 25
94.2501271729 25.2262794971 0 0.739340282732 25
227.858677283 26.5780208575 0 0.78532385727 25
41.0427889 28.1175394026 0 0.91566961886 25
32.7797648411 26.2400260221 0 0.786683868932 25
18.3696486873 29.5810343469 0 0.876208246938 25
331.181449334 28.1000001925 0 0.755893485437 25
65.1526306894 25.1444040867 0 0.759873467981 25
279.458517254 26.3019432731 0 0.814287285981 25
230.830957825 25.9216220066 0 0.889953393176 25
103.19515432 25.7034562625 0 0.925571290959 25
327.35074403 26.0303591622 0 0.780733903974 25
321.039981238 25.112968323 0 0.789514036962 25
286.545519096 27.1492158799 0 0.859471540065 25
