272.305077565 29.5524453571 0 0.78651115257 25
140.30859348 26.0039544354 0 0.66454163433 25
246.997283668 25.1876655012 0 0.931457151415 25
310.839909331 27.5443878603 0 0.747868071637 25
195.555031542 27.6054195266 0 0.672800026757 25
16.8110484382 28.5981901272 0 0.859232360879 25
68.7308396928 26.7396588908 0 0.753090575646 25
176.163597994 25.1097332749 0 0.811688041064 25
149.667296234 28.2869615854 0 0.857963630854 25
93.010041229 25.9729310431 0 0.828296420218 25
252.556002597 29.4238904919 0 0.831904330373 25
252.488758168 29.7519867307 0 0.927282784426 25
349.795013638 26.4429830105 0 0.850062885021 25
176.148563025 29.9435647678 0 0.71976770376 25
339.349726242 27.9576435417 0 0.85320522391 25
310.412927616 28.998392688 0 0.829386478771 25
10.1683360089 26.4099637387 0 0.688338301465 25
333.876728247 26.6419264377 0 0.805570144676 25
84.5790423806 27.2093556346 0 0.805214579474 25
101.82518244 29.4647184346 0 0.783532357414 25
10.8668376189 28.0486766233 0 0.744327438496 25
189.43654276 28.7974100557 0 0.736027403456 25
82.2484839598 26.2295939281 0 0.786634031286 25
149.76067247 27.8462055814 0 0.798277456427 25
