103.026255433 27.4037704899 0 0.71083124497 25
281.394266412 29.9248393972 0 0.67411648281 25
143.547254635 29.9653882113 0 0.924250354636 25
23.9768061476 27.6748519973 0 0.913985532478 25
188.59770018 27.4582613053 0 0.702980636681 25
231.517211826 25.3584157222 0 0.948185628426 25
62.4359121043 28.5968305989 0 0.652404177571 25
58.5316735659 27.2917079346 0 0.846713500377 25
107.282101485 27.2938170635 0 0.887004441884 25
323.209246615 27.9303122913 0 0.829789492482 25
254.789763403 29.7322062141 0 0.849340533602 25
85.3976555904 27.8027829952 0 0.93440762375 25
133.056910928 28.1963672711 0 0.891277504972 25
195.570119013 25.5799983095 0 0.803513530732 25
73.2357317379 29.3414126134 0 0.747402148817 25
92.6863445107 28.465437792 0 0.838281053113 25
116.578660926 27.5706724621 0 0.669252576882 25
111.569131986 27.7346938626 0 0.681414107232 25
47.0801349495 28.3202592835 0 0.92089734965 25
357.776905091 29.8443630038 0 0.935314588074 25
163.96348523 28.3193604467 0 0.938921296312 25
126.233939091 28.3403746111 0 0.837196123369 25
289.170304498 25.4117767548 0 0.890441954377 25
102.721924343 28.2876091534 0 0.767805647762 25
