275.175936799 27.9302240539 0 0.756484640284 25
65.1520685001 26.9857042101 0 0.825596551678 25
81.753476283 25.5643064597 0 0.887773058254 25
263.954057504 29.7326951437 0 0.912777212266 25
301.964515493 27.0567253199 0 0.834339433798 25
230.638204291 29.9947177305 0 0.908781894207 25
201.764454983 26.8123884644 0 0.879850062599 25
195.000408435 25.6929998878 0 0.676971472312 25
48.2953989035 25.7569931322 0 0.654497148008 25
149.258043569 29.8266939667 0 0.877024488773 25
340.519221976 26.0095798666 0 0.711492983257 25
258.788312185 25.7918790837 0 0.690261576593 25
61.6247723841 29.9280190875 0 0.740596898341 25
321.476356313 28.2687626439 0 0.65532711103 25
82.0282496611 26.9510716715 0 0.927314958662 25
327.180637496 29.5360833919 0 0.832950970115 25
89.618460164 28.2315352281 0 0.791522982533 25
203.552642921 25.5878721819 0 0.823624184607 25
80.4058770178 29.794302269 0 0.683108089631 25
3.05610450422 25.7426865332 0 0.85497958956 25
230.918331069 26.7002866553 0 0.685651174544 25
354.496799565 27.2948828783 0 0.821465040775 25
229.656125762 27.4936558135 0 0.726689053295 25
88.4854496304 26.483032736 0 0.871126398134 25
