275.394938595 25.0105661525 0 0.902846926713 25
72.5464288609 25.5095697433 0 0.736271453619 25
74.4328200937 25.1376227169 0 0.675863087837 25
17.3224383741 25.208911103 0 0.832128818062 25
355.80276967 28.7919865891 0 0.888806458972 25
107.462399437 25.5082291919 0 0.815061519112 25
323.193652715 26.7030356052 0 0.902633294247 25
317.665028565 27.9022486844 0 0.675224358557 25
129.744358936 28.9394554838 0 0.775967700514 25
215.247880176 26.0588044528 0 0.859598566378 25
164.835904815 25.8622346024 0 0.782705046993 25
73.1117435834 26.9468816644 0 0.756724003813 25
320.253900103 27.424240903 0 0.689717902341 25
251.715158146 28.0701662143 0 0.940095086139 25
319.264150431 26.8120481466 0 0.914009571997 25
188.696876364 28.9147925811 0 0.816903701922 25
129.937541014 27.9068177836 0 0.885484283974 25
116.528980804 25.3348398135 0 0.820403572944 25
131.543251733 26.2999000412 0 0.944603033054 25
285.95528123 26.6675361459 0 0.852074245976 25
197.603319651 26.8694394617 0 0.87298607872 25
169.46195607 29.6369856414 0 0.911843454933 25
334.951632904 29.2537918882 0 0.925818783012 25
276.435094361 28.6317396365 0 0.717198873242 25
