269.695540182 28.5231057951 0 0.700616925493 25
47.0565694734 25.7805825123 0 0.767156464836 25
338.075359059 25.8284134634 0 0.818769779583 25
57.2049397551 28.8247786065 0 0.879331123901 25
220.823904836 28.9299377578 0 0.690887328139 25
317.717701863 25.3671414105 0 0.864808777559 25
170.385576467 28.3554883181 0 0.910404629629 25
222.214950114 26.2871750558 0 0.705885742859 25
69.7171971441 28.4030517511 0 0.687564412916 25
120.501436635 25.1537251313 0 0.677149636995 25
200.264015907 29.5493318298 0 0.677791118507 25
223.631514498 29.8142097776 0 0.90724994206 25
234.921962638 25.520002154 0 0.93874308842 25
219.473725319 27.9866292434 0 0.740305417351 25
131.248970688 28.7441477987 0 0.73727844704 25
153.790816395 29.7358211502 0 0.694344496857 25
204.529520285 26.9145938177 0 0.949396246959 25
153.751366387 28.5789550453 0 0.86648995856 25
282.443848595 29.7400421817 0 0.916592885436 25
52.5322953939 29.766458121 0 0.762453110614 25
262.141609283 25.3775522524 0 0.839449710723 25
180.063350272 29.7191972268 0 0.825074026743 25
16.053497387 29.9269844756 0 0.943888343816 25
319.80552933 29.7896941521 0 0.871055430547 25
