50.907179415 27.0427953688 0 0.697014036607 25
106.598920855 25.4665330827 0 0.656104758576 25
259.662860552 25.8286299677 0 0.800211346404 25
255.415739364 28.7330435631 0 0.660926987226 25
58.2159382313 29.8551253642 0 0.762511498272 25
283.091535064 27.2681537406 0 0.936588573462 25
270.096533315 29.9019618919 0 0.760430257229 25
355.391423947 25.634583291 0 0.71184334916 25
66.4602254559 28.7389055776 0 0.94388967317 25
155.462180156 27.9458918341 0 0.916149664097 25
172.69446117 26.0935793909 0 0.651587488958 25
272.350768407 28.7105196471 0 0.915903559969 25
7.20991031766 29.5856065746 0 0.713841865329 25
347.122076243 26.5135982956 0 0.688804984986 25
263.33293919 28.3890828209 0 0.719157846519 25
242.876408276 25.9225564773 0 0.69360341501 25
59.069262532 25.6961216049 0 0.767573423227 25
244.238693961 29.0903822411 0 0.707635690115 25
246.168281641 25.547437741 0 0.820271305864 25
199.229501647 25.5740483721 0 0.655348275647 25
2.65907727759 27.6247887254 0 0.841879723326 25
344.985965524 27.3517251982 0 0.827390456986 25
224.61991383 29.9350008035 0 0.729085058528 25
122.431022529 26.9808296444 0 0.918931045027 25
