39.5122173336 25.8833315501 0 0.914898576647 25
96.8605613399 25.48749206 0 0.875316316963 25
3.53190195014 27.493031047 0 0.82288768739 25
72.6283736028 28.7512818624 0 0.835439566624 25
174.851683981 25.3436148413 0 0.781022262062 25
55.9805984323 27.8377462567 0 0.768505549807 25
69.442474962 27.4885913363 0 0.949510368085 25
342.434952695 25.842240483 0 0.928363934611 25
114.841085475 28.1292570163 0 0.720675826049 25
138.791004421 25.016613965 0 0.683800987071 25
145.439328875 29.9281892748 0 0.814159087358 25
186.12479243 26.0052830116 0 0.812042050674 25
333.392385995 27.3901850203 0 0.928139256044 25
205.590018928 26.7653139129 0 0.818865257068 25
263.860876988 29.8542495527 0 0.693069199509 25
339.388275922 25.6226720919 0 0.676118184974 25
16.4411773341 29.8913823319 0 0.754136766117 25
107.29249085 29.4423492966 0 0.800014513859 25
163.573854615 26.3343029792 0 0.947329045643 25
5.20048505711 26.1410149708 0 0.93466536423 25
182.748081697 29.0966362171 0 0.786667184894 25
154.759401537 26.128823158 0 0.862362640105 25
142.439666569 27.4071892607 0 0.779392960226 25
54.1806078403 26.0188013825 0 0.712332570784 25
