132.986167529 26.904846098 0 0.762121678343 25
291.328559045 25.7959505065 0 0.744113882592 25
84.2533682459 27.4608163662 0 0.677783784573 25
179.126407675 29.0089260568 0 0.778143421958 25
68.6159723661 29.4502272944 0 0.789778475712 25
205.584463705 26.5459244678 0 0.823085770436 25
250.301036228 28.8422143027 0 0.664384095252 25
287.84223507 28.4471094491 0 0.812287602962 25
148.134629018 27.5598069353 0 0.934616548376 25
337.300405368 27.3438401116 0 0.915367429996 25
36.6105188702 27.9915990508 0 0.800333707045 25
200.984471434 25.4805816388 0 0.818444372791 25
349.645615355 26.068502831 0 0.865002272487 25
234.56471566 28.985512816 0 0.673013678888 25
27.9239849255 27.8698963278 0 0.662786008311 25
236.280811466 26.6351276953 0 0.935719421572 25
78.328335418 25.2805357076 0 0.709291900766 25
82.6021313483 29.6733668243 0 0.924161007734 25
208.826507097 28.309504999 0 0.699518544574 25
181.71821348 29.5338734102 0 0.880885488529 25
6.75666297476 29.604113469 0 0.745228541425 25
50.9564691443 25.2675375414 0 0.845766691323 25
229.258714461 25.0360322488 0 0.737574013209 25
195.984623157 25.2248172252 0 0.738736577486 25
