101.41627259 29.3858049032 0 0.656713132173 25
43.5645038756 25.1870811753 0 0.772794699651 25
167.942094278 25.8781874704 0 0.684345260318 25
62.8109931557 27.2797049434 0 0.733239601569 25
131.575946177 25.7057131159 0 0.799172383642 25
354.204782573 25.8009214552 0 0.781885377527 25
319.346496187 28.8370655966 0 0.921246850086 25
307.485362077 27.1546527369 0 0.815739910941 25
43.864735989 27.2321496116 0 0.922697483954 25
97.7545720092 25.5394419562 0 0.711703463704 25
15.801880439 25.3790082549 0 0.778725552366 25
217.990936349 29.1232320116 0 0.664042963257 25
205.098658276 27.7676761008 0 0.686969776006 25
256.01584981 26.1515405609 0 0.715896773244 25
240.106564296 25.119271473 0 0.778545161298 25
12.7859192041 26.8386736495 0 0.79025236714 25
38.6026109929 26.4876699523 0 0.900347989179 25
309.465106015 29.0023062123 0 0.658631219118 25
118.839147793 26.7409427955 0 0.780842364725 25
86.9452370554 27.6868939844 0 0.735729848752 25
288.259184698 29.2952241991 0 0.692732895272 25
228.619740124 25.8499285336 0 0.788514994745 25
108.386356073 26.0734099104 0 0.732617362729 25
185.294150324 26.0672473244 0 0.810837460282 25
