156.697571723 25.669178845 0 0.690899991472 25
121.782183191 27.5649144885 0 0.888431715248 25
308.547525861 28.1169011223 0 0.720788315772 25
287.560073653 26.8214945486 0 0.809403383141 25
201.791486875 29.4700631855 0 0.656640114738 25
321.248679985 29.6901817054 0 0.815169841514 25
135.77870374 26.9224773719 0 0.873043578443 25
196.558540502 27.0848798895 0 0.731861409327 25
94.6711302834 28.2215803028 0 0.909092024365 25
40.3801074321 29.8136979885 0 0.837398905518 25
134.100154072 25.3792539647 0 0.664719472328 25
43.6860175637 27.9024933258 0 0.886774644594 25
122.715557653 29.2539160119 0 0.809723321161 25
323.145294986 29.4533937478 0 0.871885275533 25
85.0212139319 28.0909204984 0 0.844281822842 25
253.42470922 29.8605075294 0 0.730690481967 25
86.3441328129 29.2524973449 0 0.735057080403 25
155.505292655 28.8377077051 0 0.8345590957 25
132.161623201 29.2077545163 0 0.734406898413 25
212.053077084 25.8814236777 0 0.945561008115 25
350.826941695 26.148474074 0 0.69471006702 25
164.838995917 29.8701500548 0 0.892959993956 25
89.898629404 27.2841556391 0 0.820991954265 25
295.105821157 28.4308298634 0 0.740381023575 25
