345.036093211 26.7134731647 0 0.886215246404 25
208.293154792 28.8502906955 0 0.66981347328 25
305.77470398 28.6416237143 0 0.657290613494 25
82.3502508372 27.169974047 0 0.712022268648 25
128.522676904 25.7603195052 0 0.930646391544 25
205.398978285 29.8010815243 0 0.783261726223 25
144.917312834 29.420994013 0 0.849914446822 25
316.485889802 29.7994029197 0 0.949987227466 25
31.5748502418 25.378355685 0 0.89952361689 25
303.302764362 27.1308099874 0 0.720859089749 25
69.4913853711 25.1273746446 0 0.718995742375 25
174.253507693 26.5386548318 0 0.749648238498 25
41.9277948766 27.0350507307 0 0.834706088334 25
208.316449457 29.1758212693 0 0.683238048996 25
164.579908643 26.0365214945 0 0.690009363581 25
157.631523406 26.749385816 0 0.897327993555 25
204.778116949 28.1740441528 0 0.836138859223 25
74.7324606806 27.61439968 0 0.698884452341 25
6.49519820048 27.221269791 0 0.702562819511 25
299.658794715 28.0641622475 0 0.908813206624 25
47.0613879412 27.9284068202 0 0.915120194232 25
283.890583454 28.8980604761 0 0.688073957288 25
313.189061229 29.4639699454 0 0.818979517117 25
90.5582834264 26.872840147 0 0.803001792452 25
