6.90713009846 27.7354516917 0 0.796960656881 25
137.089433685 27.2028802433 0 0.783126127186 25
181.116147607 27.6623550771 0 0.839076863885 25
284.759043749 29.713971909 0 0.818188693852 25
211.808394059 28.7288919354 0 0.81468841171 25
65.4225669868 27.750334488 0 0.891143597098 25
247.794594322 29.1095605334 0 0.775887616142 25
350.096505042 27.3192423949 0 0.931506615449 25
257.778661325 28.1056941898 0 0.938257668662 25
137.271010398 26.9038159261 0 0.859905173405 25
84.8528353363 25.2742582364 0 0.676464251748 25
51.7319161761 28.5931024739 0 0.774806379834 25
10.5202986863 27.4658570962 0 0.757213713136 25
133.466883739 26.8819632665 0 0.879766417153 25
123.152556343 29.3791812657 0 0.745756962497 25
331.199816916 28.9312770991 0 0.863125671483 25
207.331918269 29.5655887094 0 0.737590763445 25
185.99222537 25.7024839897 0 0.760577607485 25
157.118830249 29.1348761714 0 0.802285959148 25
348.455483683 28.1849412498 0 0.715596106328 25
311.552524536 26.9004163835 0 0.788047351207 25
358.074756199 27.5460538523 0 0.676049999723 25
317.380126615 29.8827242948 0 0.713536214223 25
108.903717878 25.2605657692 0 0.709492856297 25
