113.027537348 27.5221235067 0 0.70279911037 25
171.302090306 29.9023490927 0 0.86918335762 25
44.8860821492 25.0246960133 0 0.664343016236 25
322.297199565 26.4460108056 0 0.850907801349 25
326.231554108 26.3403363551 0 0.696187145043 25
8.70753022305 27.8923297536 0 0.888218807707 25
93.7178276404 29.3249403427 0 0.780589349684 25
347.878839306 26.9892608282 0 0.790193242983 25
233.627807343 25.0404966017 0 0.915855713622 25
153.727107975 27.3464840531 0 0.828939771708 25
76.3429296961 26.8274124222 0 0.773532722652 25
20.1910031412 25.2002654985 0 0.93425395515 25
194.993556519 29.3443965277 0 0.663390395959 25
246.293657956 28.542702902 0 0.904524538171 25
74.5657579641 25.3656251727 0 0.864393729838 25
240.340941353 26.8320063947 0 0.913017869314 25
225.708419045 25.1254514641 0 0.731800690812 25
9.84042198594 28.3347488665 0 0.656511680909 25
350.347690138 26.7022551466 0 0.767169224262 25
197.852732217 28.1595993594 0 0.930027408806 25
45.8320022015 29.4271518436 0 0.801197315714 25
30.1902107588 28.4104828279 0 0.652807429393 25
221.084480617 28.915416414 0 0.886446755218 25
3.2740541801 25.9993207395 0 0.774809935473 25
