213.746545912 26.8060035491 0 0.897258340267 25
134.9535171 25.5083303294 0 0.700704559626 25
109.96144381 26.2993697571 0 0.66594742173 25
219.035797098 27.9512923661 0 0.944124055133 25
316.728540601 25.3518777921 0 0.874974674904 25
66.1010258657 27.3459817213 0 0.884338688265 25
58.2572425403 27.6411257915 0 0.769280070196 25
46.704343158 25.7373676104 0 0.742086143139 25
232.56221873 26.4632321943 0 0.883215404278 25
71.4588160095 27.4783245351 0 0.738956961365 25
51.1225653003 27.9878226971 0 0.936993967028 25
108.047867061 29.8867633808 0 0.804437456313 25
219.63590032 29.2773300193 0 0.817207209413 25
253.08550683 27.2912196575 0 0.923771065792 25
160.833989484 28.7894746363 0 0.737091540594 25
107.778072435 26.2445428985 0 0.883199859671 25
237.675666346 27.9269353318 0 0.8686423536 25
170.091144191 25.0654513842 0 0.927383919511 25
225.422408845 25.9851979928 0 0.733836198268 25
295.06079775 26.4739937232 0 0.887627848207 25
15.9250415526 27.2570445791 0 0.671915733207 25
265.154714363 29.9993207423 0 0.719415934402 25
326.669222201 27.6533065897 0 0.681111020063 25
342.256729796 29.5890859931 0 0.902794862231 25
