147.318206445 27.0807330941 0 0.817787758191 25
145.400219253 26.6541721013 0 0.685067518937 25
330.266413975 25.7996748308 0 0.896015672328 25
24.1861468517 28.8444076944 0 0.941014502265 25
192.360192704 27.4909171519 0 0.704668354267 25
26.2671119876 27.1695314158 0 0.836737938924 25
303.577196589 25.205879236 0 0.942163529945 25
211.356960341 27.2390464706 0 0.832937803771 25
20.4888722655 28.978274964 0 0.901822610073 25
276.656672534 26.7403172387 0 0.722798397987 25
215.858129928 29.1274556213 0 0.738774856004 25
10.580937274 27.048319473 0 0.939503954362 25
4.40491569039 29.3172902584 0 0.941927183956 25
252.71407945 27.5640466914 0 0.682159493678 25
179.851953063 26.0653806115 0 0.900218307958 25
269.935525239 29.2454686266 0 0.775005200019 25
221.286689324 29.3859961236 0 0.913322045663 25
318.495387924 29.2239411308 0 0.792211602979 25
175.832070429 28.3508273658 0 0.885634792483 25
115.05858317 26.2593582151 0 0.899029315918 25
189.477094202 28.1008513707 0 0.843599343141 25
268.97186206 26.4865409538 0 0.754621293591 25
79.7911803052 27.6634033583 0 0.769025550088 25
43.2140674722 29.7669334678 0 0.791254443603 25
