26.8498504042 28.3763127824 0 0.662487794323 25
126.426250667 29.9734552552 0 0.903724031772 25
13.0778573888 25.2835911112 0 0.729235095503 25
193.34698579 25.6702905054 0 0.870396049605 25
88.9553902412 25.576407417 0 0.91713109834 25
161.504221405 25.1491959207 0 0.89704638233 25
358.668066363 26.0156410464 0 0.797970538809 25
282.790847552 29.7729553673 0 0.893126835475 25
359.158930361 28.3536261557 0 0.749487705433 25
31.3102068073 28.3330525054 0 0.834547353062 25
248.00573554 28.4327305107 0 0.935464333207 25
1.04463463979 29.2022862999 0 0.923169514655 25
39.7591915332 26.2265255643 0 0.832241036776 25
342.453830043 27.0213836272 0 0.94311347321 25
168.335432102 28.4674946196 0 0.821886527256 25
17.5559855065 27.1447629082 0 0.910432127944 25
177.181357049 25.6367628947 0 0.751597767497 25
245.363700613 25.8461970043 0 0.888065275906 25
11.3218989087 29.7692169452 0 0.91368002346 25
279.524644031 27.4428414558 0 0.705839153498 25
177.072409055 29.0281570527 0 0.881764089886 25
201.432726546 29.4526380759 0 0.767094882658 25
66.4417169437 28.8601386921 0 0.78032388406 25
331.398765132 27.3741852376 0 0.811015154658 25
