73.1484169754 28.612336967 0 0.680905291194 25
263.307324015 26.9562402375 0 0.911195934545 25
92.0694456628 29.6012967232 0 0.769631597798 25
306.363859195 25.9829001276 0 0.83493393569 25
336.758035347 25.80947909 0 0.861756961861 25
338.612265859 28.2807723514 0 0.734509391994 25
59.6807812051 27.1664644887 0 0.920923043359 25
112.545593988 27.359879048 0 0.683251957501 25
180.924784776 25.4306331286 0 0.699627960011 25
138.479234424 25.0723794225 0 0.674060898661 25
351.839863503 25.5168604918 0 0.941828358562 25
120.22158821 27.8489950844 0 0.658581000588 25
266.715010865 27.7815159544 0 0.698442401863 25
19.1315668486 27.275196465 0 0.794189403347 25
143.125248303 28.3469232092 0 0.672385832896 25
186.376414801 27.4066363259 0 0.884066608265 25
11.3201342404 27.5482648428 0 0.69937177934 25
274.271992501 29.9900952513 0 0.917445283873 25
312.37566315 26.3665303517 0 0.77885627457 25
20.3757577822 27.0742697617 0 0.730018116282 25
121.336032738 29.7407479882 0 0.923370239526 25
26.1835416928 27.7645777263 0 0.900936612914 25
25.2778697651 29.0471021622 0 0.851321541244 25
94.5806642719 29.0101396662 0 0.835842777954 25
