274.972426107 28.5566456301 0 0.835075139549 25
304.828289106 27.7935822085 0 0.762610193808 25
117.477535183 28.3937843885 0 0.884179663985 25
190.031302779 26.5053503512 0 0.664001885679 25
132.244211355 29.5348708902 0 0.834786318459 25
27.3877070585 27.8603847981 0 0.836376232051 25
143.027462082 25.5167815873 0 0.907184006782 25
324.965184861 26.6802999394 0 0.679591706608 25
233.640981066 27.9935132117 0 0.935204393985 25
126.700288071 27.7279761175 0 0.728207159946 25
315.324133879 27.0912508873 0 0.891911734578 25
275.301420479 26.9012628453 0 0.861030113398 25
24.2453952824 27.4857616247 0 0.948778679132 25
181.558459274 26.0699726799 0 0.824248956441 25
140.952438791 27.4063605488 0 0.768024103027 25
121.297088335 25.5429823642 0 0.828643678539 25
319.306231664 28.6287189396 0 0.736500625667 25
59.434894056 26.3642469405 0 0.769808596371 25
275.737235218 28.158666836 0 0.796847062454 25
320.502859844 25.3557850213 0 0.790176327271 25
257.234274778 28.4293219691 0 0.937375951203 25
320.655606706 26.1952223735 0 0.906277639244 25
166.594293295 26.0658825341 0 0.704033883779 25
340.904993217 26.0739462943 0 0.835091429878 25
