350.959590746 28.3170910772 0 0.901037109414 25
292.014435447 29.8325180031 0 0.944350875759 25
319.638608162 26.4255455131 0 0.812184081913 25
358.031547685 29.1774903251 0 0.755320629581 25
304.14967828 28.7761424063 0 0.88243670045 25
318.850630819 25.7163862026 0 0.680308004991 25
278.103311055 26.8855794092 0 0.938454900856 25
267.799488451 27.2649762402 0 0.698157038549 25
113.656037594 29.0972422632 0 0.822964239269 25
124.775214708 25.7173366562 0 0.918777804519 25
306.479228766 28.8335295628 0 0.701494280703 25
213.691296904 26.0734331869 0 0.683478240205 25
39.8522213841 26.3630435767 0 0.855210555872 25
289.942583148 29.6734188856 0 0.824077316122 25
113.478505644 27.2660728119 0 0.67670770493 25
282.729586958 27.7458255239 0 0.825813322151 25
107.365789073 28.3339422619 0 0.749682847771 25
120.939444493 26.6057722962 0 0.698677981763 25
130.575829047 26.3224558199 0 0.839704300443 25
85.3611933105 28.3665864196 0 0.869790708566 25
316.065357593 27.1517223881 0 0.770742619757 25
354.406717748 26.9943951161 0 0.687127652093 25
250.470401828 26.5668799589 0 0.927046609923 25
161.72868519 26.4258021421 0 0.701693670833 25
