215.276477647 29.6184944106 0 0.674514217621 25
290.19866882 28.2925780866 0 0.834228585881 25
22.2573413902 25.0498554729 0 0.869464005361 25
253.995027796 26.7660414146 0 0.777059916544 25
16.2070381983 29.401215888 0 0.936489054517 25
140.105958509 28.3344944603 0 0.79097788848 25
201.372550745 25.0424946731 0 0.920345596261 25
14.2805577272 25.4266440252 0 0.776318002708 25
25.2399066342 29.5834957774 0 0.787498279735 25
138.177110561 28.6791033267 0 0.720653115358 25
290.362560533 28.2774435695 0 0.833916214261 25
264.672448085 27.8884956892 0 0.766205226167 25
197.258614695 27.1719888866 0 0.864298087204 25
103.522224348 29.4869918419 0 0.868763125943 25
245.319177467 29.0649988246 0 0.781238123639 25
335.173066636 26.5603817244 0 0.745746002842 25
327.682429574 28.2933004263 0 0.908661973487 25
306.678206495 26.6810060009 0 0.812618875492 25
140.426896988 26.2470446884 0 0.806991105207 25
131.055066124 29.9676804985 0 0.844833806196 25
152.881854363 29.4441013569 0 0.791163887807 25
125.022647066 28.5346360088 0 0.719917965888 25
207.315140406 26.4018428496 0 0.864559809976 25
8.96105990874 25.4331855631 0 0.762048422353 25
