228.697256852 28.1262411363 0 0.787582074846 25
153.872060196 29.9016296416 0 0.937429868141 25
135.243665545 25.1968467291 0 0.938324848509 25
0.786815790579 27.7201022463 0 0.833024053348 25
138.537932188 28.7964010455 0 0.67663578651 25
117.960533657 27.3742426398 0 0.710617067166 25
6.8912867555 26.5830724804 0 0.665128465445 25
260.819482543 29.1956267937 0 0.730592710683 25
60.9334660251 29.5156409549 0 0.749359542204 25
63.8624757894 25.8102397539 0 0.813331731897 25
40.285185275 27.1996273113 0 0.843870845393 25
50.1013091789 27.3502258946 0 0.890172540699 25
346.428106249 25.4359938323 0 0.821467368501 25
292.826252706 28.1043885868 0 0.869957940672 25
320.354349048 28.0339761362 0 0.709941829543 25
200.452059085 28.5114546083 0 0.725316434807 25
152.833610882 29.6028818675 0 0.720568500443 25
79.548011278 25.4921841203 0 0.662587949832 25
199.690357165 29.0539995194 0 0.898010777019 25
148.014242244 25.3560663693 0 0.765920705255 25
197.471162969 27.8467571034 0 0.807169368806 25
178.791223415 28.7687712294 0 0.683458285069 25
75.2485835215 27.938071053 0 0.744212479223 25
345.270927254 27.6353074339 0 0.871014552571 25
