303.547656013 29.0203920466 0 0.696933159515 25
92.2404888902 25.9620653684 0 0.670008993789 25
345.712041998 29.2167959885 0 0.731816502036 25
312.662026886 25.1360126818 0 0.941369483374 25
352.660365637 28.7808183128 0 0.741880221299 25
289.469640305 25.1577377034 0 0.808615890555 25
153.689215499 29.7030370834 0 0.718850251367 25
322.789398339 26.837709868 0 0.801004742284 25
276.081319503 26.2080545907 0 0.919842103699 25
67.8667148839 26.3572678363 0 0.694080293522 25
190.203710896 25.9336581543 0 0.73040245424 25
73.5041533955 25.6642226065 0 0.670224327966 25
218.420652215 26.2147512168 0 0.781015730534 25
299.629934025 29.4260771191 0 0.780094715627 25
182.507717542 28.4610402953 0 0.796553108564 25
138.389051869 29.402075355 0 0.751582893419 25
236.338889973 27.8342398729 0 0.658592709304 25
215.920058346 25.6889935824 0 0.926564138025 25
247.680834981 29.8330762781 0 0.775709347918 25
143.865221957 28.5235803026 0 0.762190352836 25
77.6140777668 29.3636088691 0 0.860887349236 25
157.201770755 25.3175691056 0 0.704231188472 25
153.897050742 27.4939341591 0 0.808655981635 25
285.566577238 28.1535777026 0 0.825663381607 25
