253.46702621 26.0988964284 0 0.76288280042 25
198.379202014 27.7935312302 0 0.673001739459 25
234.430107523 26.7610834118 0 0.742972904261 25
139.330691806 26.0493525691 0 0.931056040207 25
265.671058533 27.0694606573 0 0.915468711631 25
111.753605507 27.7625217795 0 0.830597782023 25
335.68499436 29.1611483386 0 0.861895402812 25
248.813426415 28.4729689593 0 0.916313832652 25
41.4600106918 26.6593150648 0 0.834198973663 25
99.8976571129 29.2441722111 0 0.693121782063 25
241.893771687 26.47867022 0 0.895665162837 25
196.317059258 29.1210237066 0 0.798952735575 25
297.318310846 28.5659266012 0 0.709401862956 25
215.652549869 26.6953742132 0 0.86229720475 25
213.246247463 29.0129676128 0 0.931797560405 25
275.240380085 29.7174290696 0 0.877767340398 25
130.535411973 26.0302169716 0 0.661885377598 25
317.527874094 28.9636393246 0 0.899004659076 25
304.608101463 25.833919323 0 0.726593630357 25
217.676945671 27.8077546034 0 0.682461788015 25
271.279584844 26.8722501198 0 0.77208742025 25
71.5645049254 29.528528464 0 0.944321244053 25
327.639129548 25.5131342417 0 0.707923465019 25
58.5708721903 28.7583667173 0 0.805837981733 25
