92.942827355 29.2585591009 0 0.660008084841 25
276.516458101 29.5349644302 0 0.866752963339 25
4.29033066317 29.3366971578 0 0.798709538191 25
107.737057218 29.1565504221 0 0.881793149365 25
352.008817072 28.2818207632 0 0.938299804653 25
243.907128983 29.0556406251 0 0.833608693147 25
352.127177316 25.1154551736 0 0.866687263102 25
202.111332768 27.7330024574 0 0.80383795194 25
251.19486754 29.9941940838 0 0.916273808173 25
346.074552689 28.4484313858 0 0.765960276278 25
76.3427863342 27.5900082962 0 0.669400746298 25
240.118573213 29.1663594422 0 0.898835454903 25
207.840125052 26.6351137035 0 0.656782674823 25
263.49953498 28.1903053241 0 0.766955349413 25
313.219657771 26.9702167851 0 0.879322621556 25
23.9839254412 25.7405756977 0 0.737716830476 25
98.8269104183 25.8422936965 0 0.815262597743 25
249.308342042 26.3267698694 0 0.844704740877 25
172.150456828 25.7238785162 0 0.915594360889 25
289.860159398 26.7240060948 0 0.736578969964 25
291.697937323 27.2928103497 0 0.914334292926 25
277.784188674 26.8768379791 0 0.675641286334 25
241.536447933 26.4537575098 0 0.716610090126 25
25.1143717831 28.6302368583 0 0.719727679855 25
