171.354742974 26.1830442567 0 0.88813790816 25
200.518456368 26.5174369866 0 0.657201678366 25
266.142213411 28.4059666477 0 0.839345458463 25
309.60114559 29.7071102358 0 0.847077048288 25
34.1765128595 27.0915854396 0 0.928521490362 25
202.20891445 26.3815595434 0 0.878618048952 25
329.722213417 28.3154890439 0 0.928767666868 25
253.07377792 29.6896486655 0 0.754447444361 25
176.095893146 28.3685247322 0 0.833374332689 25
321.128481688 29.139371147 0 0.888853804883 25
192.003251973 26.0967885154 0 0.675598869761 25
294.93739027 25.4103910517 0 0.78001064914 25
313.378690002 28.9530815384 0 0.773068136669 25
286.439201549 29.7167886418 0 0.768498841673 25
257.593836836 28.9313797339 0 0.799852805229 25
268.524146612 25.1265517556 0 0.660500285772 25
358.104509671 26.9870400053 0 0.908123839566 25
265.816604916 25.4898949148 0 0.785601433068 25
200.789495387 26.8215192527 0 0.697958806795 25
230.772091339 29.2132065114 0 0.891999357918 25
58.1212299103 26.2885292897 0 0.85406414493 25
340.78047598 26.4340264221 0 0.705575871536 25
210.698659222 28.6382589609 0 0.692527078961 25
26.6625453567 25.0484749767 0 0.885439990693 25
