153.582660778 27.1790331879 0 0.819453134017 25
25.788916254 29.0127059657 0 0.888167295513 25
147.648357754 27.5086760651 0 0.725615845769 25
9.87158623746 26.4096187925 0 0.726892406557 25
168.987161514 28.9017092537 0 0.930187014654 25
107.064299439 26.6700293097 0 0.757968831355 25
125.687323743 26.5258903715 0 0.903418219619 25
287.41931741 28.181252659 0 0.765003972431 25
46.5989212737 27.4098764123 0 0.770550268414 25
27.767777131 27.5808167255 0 0.911882858012 25
84.7910782261 28.431788681 0 0.760141775306 25
327.169790725 25.7430169398 0 0.858728885198 25
159.057673237 29.3203598238 0 0.756425169082 25
352.005799063 26.230490188 0 0.802074622699 25
77.4861234842 26.8581220204 0 0.677349364961 25
85.7589784594 27.0597682554 0 0.798557070907 25
63.92844856 28.4664841214 0 0.896151126745 25
95.325375161 29.2297121248 0 0.926124306245 25
269.369477479 26.3380092322 0 0.767726432331 25
250.529293584 28.8437102987 0 0.918996972129 25
184.905902352 28.8739208714 0 0.93037674838 25
311.411215722 29.0611897443 0 0.667099014246 25
340.493540554 26.9363989371 0 0.812071488249 25
112.604511265 29.1270323543 0 0.798763434449 25
