344.326568352 28.5954499921 0 0.894261590913 25
213.493897638 25.3351475137 0 0.888043043783 25
308.739097113 26.9184633766 0 0.894322365569 25
204.222347324 25.0780240011 0 0.781035122394 25
122.846887919 26.3070974672 0 0.927518306953 25
244.577329315 27.6277646892 0 0.866860502206 25
322.158028371 27.4938529085 0 0.849805248395 25
119.515110212 27.3153820283 0 0.86507066513 25
98.2903524055 29.0174100463 0 0.668876604809 25
323.168449026 26.0400399576 0 0.878676823127 25
83.950609227 26.2182430998 0 0.901956098166 25
327.773194265 27.8133377709 0 0.847453989619 25
269.245405501 29.9239720057 0 0.732160013569 25
127.680673776 25.9648554759 0 0.811193971535 25
144.954714453 25.3890851521 0 0.946830282437 25
72.6953696924 28.8384027475 0 0.749866566019 25
224.798168974 28.0440959355 0 0.837577621492 25
290.750124299 25.3102863341 0 0.788137761268 25
334.909118408 25.8440545791 0 0.827700554937 25
246.807336267 28.7666141287 0 0.690314835703 25
336.701281613 26.1305527278 0 0.94614589565 25
100.72170717 27.7772467329 0 0.851881225987 25
340.320297735 29.6057666763 0 0.858196845807 25
328.017061645 29.4567534354 0 0.784180074584 25
