6.96768070791 26.7128669492 0 0.769733026081 25
60.4839951773 25.9072755589 0 0.857250732331 25
277.621132588 25.2665378152 0 0.835146636943 25
198.229448429 26.7904055818 0 0.69306876059 25
102.949805178 29.1106603951 0 0.693505882786 25
308.7206317 25.1491965699 0 0.69243678069 25
347.807850746 28.5103358355 0 0.872156139235 25
90.3584991568 28.3383465272 0 0.869923406802 25
107.276626205 29.5057227143 0 0.666402855637 25
112.809655139 27.5396712159 0 0.861904635931 25
251.156603718 25.9266520352 0 0.910380348948 25
345.997035267 29.2971596541 0 0.782556262939 25
39.0789000539 28.3702312523 0 0.73232764187 25
167.174207316 29.8441367046 0 0.672621641351 25
216.052610512 29.8594662309 0 0.808582441533 25
65.7716360933 27.6247866085 0 0.806547433225 25
115.221428031 25.5684471268 0 0.816442689143 25
11.3006530452 26.9335504352 0 0.68104648586 25
242.790947388 25.3518294526 0 0.843393464388 25
63.3003448811 28.6622121013 0 0.696729268735 25
230.262774877 25.1900727944 0 0.667597800358 25
200.135447141 27.0907240337 0 0.668938029807 25
67.4491297597 28.3111802346 0 0.916275383556 25
98.8850249083 28.7363468615 0 0.757298851215 25
