359.203522768 26.5910861447 0 0.843655421871 25
250.034562648 26.9200712623 0 0.862635917154 25
165.15502361 28.2456753655 0 0.805555537283 25
97.4308637805 25.5525152462 0 0.661052018795 25
317.177727769 26.2232266264 0 0.79859534139 25
7.26859606971 26.0629642489 0 0.789736406295 25
16.832993138 25.8623881099 0 0.94305161725 25
294.456070308 25.7931390533 0 0.827308636714 25
48.3861266936 27.1133662997 0 0.740208889257 25
47.8976043268 27.6530982072 0 0.774387590903 25
4.70121908499 26.985801476 0 0.696231249181 25
225.093941851 27.531546469 0 0.708526327513 25
109.676036638 27.1097825023 0 0.917537092742 25
71.7831876972 29.7309542843 0 0.684963688758 25
333.673054346 29.1100851337 0 0.694597996836 25
271.513034439 28.4075456384 0 0.891871932239 25
234.506591816 29.2161020588 0 0.875031499522 25
253.777822997 29.352648044 0 0.844125908974 25
238.148649743 29.5070291882 0 0.783034986768 25
228.805552003 29.8924251186 0 0.803447733446 25
271.079647297 29.7173194593 0 0.749722204163 25
217.555286619 29.4825028459 0 0.842200825522 25
1.04734819532 25.7627398928 0 0.941099068848 25
40.9620707158 28.9876599134 0 0.946509798386 25
