46.5118988539 28.7009066268 0 0.828372870422 25
40.3953270888 27.549082376 0 0.702375025001 25
238.800562234 28.1424401271 0 0.660313730956 25
52.3776221264 29.8424870357 0 0.845629900173 25
336.107799074 29.5291219596 0 0.720613738157 25
33.9314849194 27.261571125 0 0.662953449845 25
55.1965785286 26.8213992174 0 0.806462097952 25
149.672703255 27.7736331293 0 0.828533086413 25
246.757355135 27.9587420786 0 0.924267801378 25
39.2404753376 28.4877478418 0 0.737024176776 25
133.274158296 29.9936446805 0 0.822036491483 25
28.1676863565 25.0028420425 0 0.774940756048 25
268.233742019 27.6906514178 0 0.676316278534 25
43.2146176828 25.7497446528 0 0.670377248192 25
153.465780874 29.0666471465 0 0.881152955507 25
329.435447565 28.3180328148 0 0.906782287264 25
3.00103529828 26.6380559783 0 0.817886815526 25
42.0592030905 26.1229284386 0 0.685330118888 25
315.77879797 28.8088289412 0 0.701876229108 25
79.9895661956 29.8184648396 0 0.728671078319 25
185.460680773 27.5677013244 0 0.859498759303 25
355.247479587 27.6724729839 0 0.717830253727 25
261.685637277 28.1288387951 0 0.883524582742 25
92.5743789761 28.5554713371 0 0.945095846199 25
