335.17668548 28.6906944198 0 0.661674274548 25
51.45010158 27.2487031646 0 0.692286396514 25
241.242867449 29.6631293726 0 0.817584549128 25
323.547395891 28.8230789119 0 0.875233441944 25
221.473901715 28.2782358797 0 0.881835283953 25
244.929545926 29.4823521286 0 0.770970613765 25
332.916973084 27.1201357541 0 0.763240446545 25
167.354728293 26.6877985244 0 0.804091803528 25
195.276399634 29.460945435 0 0.911223659525 25
96.05298367 29.5679643028 0 0.713257931413 25
226.030835349 27.8891889572 0 0.77179675574 25
240.406926417 25.6929098337 0 0.843198623612 25
9.17761557452 28.6535500926 0 0.855088854555 25
59.136844959 25.0273755365 0 0.720509901335 25
173.741067561 27.9890438554 0 0.749961734664 25
18.9749478218 25.6311695325 0 0.849129672309 25
138.018765972 26.4031297226 0 0.693733186955 25
53.7844618962 26.5829874423 0 0.76247858294 25
339.317465609 26.3824463053 0 0.730901937301 25
344.89132338 25.1351582189 0 0.768119993331 25
71.3946755482 28.2679621549 0 0.693344190986 25
313.282678785 27.8911651548 0 0.909127859498 25
83.4870552289 28.6914319947 0 0.801470247429 25
161.771502613 29.3388721002 0 0.658160987752 25
