178.130961547 28.3349708091 0 0.896632029291 25
227.065963671 26.3453728475 0 0.748340523073 25
137.385335616 26.9017277833 0 0.854618154809 25
47.9363100855 25.7156725535 0 0.707576141326 25
257.879993469 25.6775963773 0 0.827638320672 25
74.328716704 25.3752809621 0 0.672524630423 25
236.166050182 28.4214249143 0 0.838925411455 25
184.852938536 29.620846566 0 0.676860068479 25
85.3113471931 26.0399785944 0 0.892068875278 25
344.181192843 27.4397503025 0 0.796240110902 25
112.933458234 27.2861537441 0 0.882189849807 25
43.0226437145 27.1766820562 0 0.852060302177 25
280.80138151 27.9163322905 0 0.705132315126 25
205.407413641 25.607409703 0 0.809447453007 25
38.1276302902 26.1244380765 0 0.650019663741 25
255.160363612 29.8068880172 0 0.878439199563 25
103.197495032 27.8443563321 0 0.832556404627 25
178.130989201 28.4582560581 0 0.789950223838 25
315.621948213 29.5271666683 0 0.668052251752 25
226.606944207 27.8124846879 0 0.725436655138 25
9.96438227585 26.3208910511 0 0.815277138483 25
326.516238714 27.1324708245 0 0.778576560398 25
80.3249057922 25.1290343738 0 0.714382394382 25
244.712905464 28.1257956191 0 0.889356070849 25
