328.072823167 25.2507838204 0 0.790480230269 25
145.585555934 27.9048377117 0 0.806763159962 25
77.6297175542 26.6736126589 0 0.813373027707 25
6.20915840213 27.4357784228 0 0.659888018738 25
217.901429564 25.016010664 0 0.942853207241 25
299.110819668 27.5144971816 0 0.681178424632 25
245.925070446 27.8329694051 0 0.653196691582 25
106.950669102 27.2085604042 0 0.847415003096 25
285.363346911 25.8293293109 0 0.779278557236 25
231.290112501 27.1801399954 0 0.816299879543 25
81.3605955362 25.5686379086 0 0.827241770356 25
180.02556293 26.4956533601 0 0.663685967557 25
219.432832233 29.0190490614 0 0.685701155525 25
158.277845219 29.5140204031 0 0.658373992805 25
164.252987357 28.3388686907 0 0.870520341334 25
32.770933811 29.4648950812 0 0.802364521835 25
240.585862809 28.5483568336 0 0.891070730721 25
145.384323061 26.2626691582 0 0.745373778741 25
5.84892396299 25.4600463186 0 0.8065784374 25
134.220688964 25.6312689831 0 0.898891870797 25
80.6464919929 29.6020172454 0 0.909867831294 25
168.422150661 25.4045566213 0 0.884928681906 25
194.198861648 27.8773046011 0 0.910302334036 25
108.224165977 25.6892972731 0 0.756211818019 25
