107.396249689 25.1163361889 0 0.812170844633 25
239.622628635 25.5494892889 0 0.727098354066 25
319.698766354 26.8741565657 0 0.672170830189 25
8.73576875968 28.5921325924 0 0.945835824128 25
100.98022279 29.623127948 0 0.872765857311 25
252.778646554 27.4521683013 0 0.865907018997 25
168.617913494 29.0501490893 0 0.932107097299 25
332.950678565 28.8868543016 0 0.693847580775 25
141.756549734 28.438446962 0 0.773719897765 25
146.377806058 27.8971453469 0 0.78000804749 25
88.2311247631 29.5880231832 0 0.747601973927 25
276.663575697 25.07258421 0 0.947856485238 25
6.50211013604 28.1792202078 0 0.661835247425 25
313.079452879 27.547463592 0 0.706559323751 25
286.450173351 25.5009809885 0 0.786832656215 25
354.226813621 29.7547493195 0 0.81593097465 25
12.3846773507 25.5259693677 0 0.782693323524 25
0.61033940669 27.9847467119 0 0.766781635139 25
285.997386348 26.3063829691 0 0.92027497902 25
273.611738325 25.6121996729 0 0.739235422431 25
95.0357230867 26.8931098879 0 0.686174848633 25
266.761381954 28.3776455866 0 0.823460847689 25
349.379225469 27.0431979497 0 0.735763612188 25
121.216138685 29.3173286102 0 0.669062934826 25
