29.1493855062 28.3331312877 0 0.736084813748 25
89.8399644227 27.2386761272 0 0.859799225674 25
280.497413836 25.6067224855 0 0.793929581465 25
50.9903406931 28.8892657953 0 0.870122588677 25
328.409128174 28.1307076395 0 0.854304518421 25
358.655312986 28.6774740303 0 0.705846582104 25
64.8017132388 28.2539825984 0 0.79097974444 25
11.0322608827 25.3746128853 0 0.881428327171 25
297.103564842 29.5180015036 0 0.895977538371 25
314.00701878 29.4949037944 0 0.931921386991 25
234.279762508 25.6307338503 0 0.693084993917 25
7.40875080756 25.9813264817 0 0.773114246284 25
124.859843886 27.8715070539 0 0.867204755505 25
208.662177076 27.0515847907 0 0.793031905678 25
53.4497785256 26.287230919 0 0.762775191298 25
238.93692016 29.3330926746 0 0.661282997474 25
332.44771479 26.9163156868 0 0.750198929005 25
91.8717156731 28.0709210008 0 0.652904989409 25
122.295817643 25.9451030346 0 0.770591862882 25
27.5137076737 27.8146228664 0 0.911927880733 25
206.429970515 29.7994989533 0 0.91635979793 25
190.458039243 25.1280454779 0 0.836465390518 25
120.123276294 28.7352689842 0 0.855893821917 25
90.5032353503 25.1553516581 0 0.732373920772 25
