171.272768915 25.7350211159 0 0.882801804618 25
146.876064271 25.9114627273 0 0.768474091141 25
70.1383197352 25.8663840212 0 0.938228232298 25
194.145680364 29.4333683181 0 0.911307033519 25
110.341572317 26.0363904341 0 0.655810473337 25
51.1835354323 28.6586933617 0 0.929117442717 25
276.044606931 28.1516263811 0 0.654107912663 25
6.20399561011 28.2849370543 0 0.718663933567 25
221.062871538 29.6328392894 0 0.897307326728 25
297.261008425 27.9331143565 0 0.907965733726 25
292.144837946 26.1132511867 0 0.681214668896 25
175.048729733 26.3623242233 0 0.866651745602 25
321.546505375 25.2240983538 0 0.736528826248 25
118.695564615 28.2832948848 0 0.672591768057 25
131.568025382 26.8640539089 0 0.890029267582 25
279.084689174 28.8076958793 0 0.908194388448 25
8.01599336404 27.8871805833 0 0.840454091844 25
262.372078781 28.3354924102 0 0.676277792306 25
253.752996036 27.5604448095 0 0.669354894458 25
125.118604714 28.3456652759 0 0.877663651406 25
319.224852872 29.0190299402 0 0.795191712097 25
357.471605339 28.3027335897 0 0.825223716966 25
40.8496066181 28.1651429925 0 0.758628319571 25
32.8116156015 28.8572235763 0 0.911315348624 25
