34.2801705195 26.5264066973 0 0.681553619843 25
160.286696745 25.0819906819 0 0.675680475898 25
120.244628398 28.1663008508 0 0.727136803569 25
127.755092269 28.044365328 0 0.741953514276 25
232.286314412 28.0624544526 0 0.717816552015 25
294.850036412 27.5513231189 0 0.676607043501 25
39.7730935938 29.5306313852 0 0.673940396608 25
359.112232914 26.6120487307 0 0.701266873499 25
15.0205219174 25.3061674819 0 0.84361073458 25
45.8206486385 29.8427195274 0 0.946852730528 25
289.479672366 26.4089686174 0 0.724817666264 25
174.701681189 26.201005552 0 0.930025525913 25
269.837196471 26.066101759 0 0.895036718094 25
247.91332792 29.5255815487 0 0.77276378015 25
307.717816823 27.32784143 0 0.732912437326 25
114.568874208 27.1831668329 0 0.889723622284 25
352.687053914 25.4439570658 0 0.776754986003 25
289.051239659 28.9298277808 0 0.801683367495 25
65.2698142148 28.7244644533 0 0.821137854762 25
211.755344243 27.914608536 0 0.925546003462 25
171.923254901 28.8159844218 0 0.932178758918 25
36.2859273385 25.9499971915 0 0.849687194676 25
190.146857898 28.8649367195 0 0.947482396296 25
300.21695126 29.2570247085 0 0.924368963412 25
