60.1707708482 29.99459166 0 0.768331323793 25
235.071264518 29.6453218834 0 0.725443846541 25
210.373207468 25.9121678884 0 0.691817181872 25
172.199985358 27.5568940193 0 0.693897560846 25
97.3548247945 28.559685959 0 0.897486596691 25
45.3003300233 28.7007367102 0 0.857083440575 25
297.817859226 27.8740522528 0 0.816192864799 25
111.74562407 29.9052392577 0 0.79949938334 25
103.660243126 27.0533712874 0 0.723592218115 25
349.620147888 26.7771598823 0 0.779999414753 25
71.7373255398 26.9392957463 0 0.854426936774 25
252.762724102 27.336840412 0 0.768014242448 25
35.2519255053 27.4398972828 0 0.774644160163 25
359.247259412 28.2066106052 0 0.67634272502 25
320.767720878 29.8360767668 0 0.732567323797 25
102.648050869 29.6470460408 0 0.688059703409 25
14.3924828497 29.3569094207 0 0.866845693053 25
18.2315844805 25.0416323452 0 0.664430267393 25
4.34127507722 25.3986833733 0 0.684653017223 25
304.58675485 25.0795126553 0 0.783420792916 25
119.281432521 25.514485927 0 0.657529543462 25
107.217914729 25.9395123476 0 0.677795413259 25
122.992073871 26.7402883079 0 0.702188012947 25
171.326606776 28.4718355637 0 0.925702582066 25
