30.1286620656 29.6125065974 0 0.882550493756 25
284.551462071 26.8149499937 0 0.799947926231 25
213.569019402 28.2655454653 0 0.738325370588 25
165.501570739 28.7419951361 0 0.92560466395 25
40.9211796858 29.4562171948 0 0.824751253948 25
341.150070792 25.1891331624 0 0.6784337141 25
145.876793402 26.3537576531 0 0.883864750652 25
122.967444791 25.7854750367 0 0.828059101434 25
223.019624774 25.1180465901 0 0.854268717141 25
304.948379798 28.4129488426 0 0.734380931118 25
18.6726406371 29.0571874621 0 0.833920528008 25
191.22172935 26.6065979806 0 0.92164207976 25
202.289155743 28.9947986037 0 0.738187020527 25
324.375783263 26.3521104517 0 0.752974333284 25
168.629093021 29.1993222318 0 0.843681487589 25
278.36809279 29.4253451106 0 0.686181353455 25
95.4864722895 29.8172028873 0 0.891269434874 25
121.021909126 29.4765200936 0 0.661156976873 25
135.115710293 29.8189477086 0 0.755065508255 25
144.09221586 28.1940438649 0 0.873784785427 25
67.9959228555 25.5672649131 0 0.70546092428 25
11.1598363896 29.8445047575 0 0.856435008199 25
52.5100412202 28.848203996 0 0.706571867525 25
93.7752527183 27.589249336 0 0.677342602787 25
