97.3454564619 26.4257990033 0 0.751668038445 25
283.31169699 28.1903602621 0 0.707723972007 25
194.839126154 26.6870158598 0 0.818507471956 25
284.309576384 29.0282450293 0 0.776763937839 25
17.438542954 29.9076987833 0 0.835524736043 25
198.87182652 28.8988620957 0 0.816429890423 25
130.359460569 25.204981723 0 0.750191449454 25
58.1564404679 25.7757064206 0 0.928750728441 25
225.884523244 25.389356707 0 0.676951979628 25
150.21867822 26.6574343569 0 0.754364295352 25
295.237645478 28.1947467016 0 0.859862681312 25
214.739768545 28.8539542117 0 0.754026097509 25
224.163737545 28.2235372784 0 0.652234821478 25
8.11284876487 29.8947221598 0 0.749673181047 25
289.404567419 26.8863972328 0 0.928726171558 25
324.579484643 26.4209785772 0 0.656067285479 25
359.511107164 29.3277073015 0 0.690546883024 25
235.3176714 27.015982327 0 0.862002746256 25
187.616643442 27.6389608695 0 0.788374078687 25
163.888699646 29.6398989316 0 0.786942440025 25
248.070571892 25.2526705828 0 0.813877420067 25
350.589437035 29.9045202852 0 0.889292297327 25
115.601558641 28.2444181329 0 0.790096815473 25
247.676575449 28.2551561046 0 0.726112138338 25
