266.983265942 26.7346363544 0 0.80038667661 25
139.396092562 29.4836619936 0 0.882732992287 25
17.4210611889 29.4312598138 0 0.749315947907 25
334.256818507 26.9468987306 0 0.875116511679 25
211.613365702 25.4717367729 0 0.780531637415 25
182.035034369 27.962054191 0 0.772922934771 25
279.411778747 29.5000951969 0 0.935808730352 25
102.062039129 26.2814987568 0 0.812690595023 25
112.941743716 28.0862681616 0 0.869515422475 25
286.037781347 26.1336447679 0 0.816425958875 25
305.64650116 28.1813849239 0 0.724140449721 25
312.962205291 26.7104084256 0 0.700805939767 25
108.844149 26.1526925743 0 0.913212319266 25
311.298172124 27.2135444198 0 0.87059033453 25
358.549156462 28.5596853647 0 0.806457164542 25
290.941768291 27.8249684606 0 0.876003362984 25
17.8127410224 28.9754502453 0 0.92281695766 25
284.262937904 29.8865314298 0 0.809331184629 25
174.879882163 26.0711563368 0 0.69783930342 25
234.286413115 26.7991821707 0 0.763907223488 25
209.020959786 26.3029142175 0 0.907016101075 25
178.365660272 28.6358081578 0 0.818897987156 25
354.228030203 29.8635302281 0 0.743993555826 25
217.793684405 29.0127478572 0 0.909908130413 25
