327.316802901 29.5038488421 0 0.898811303142 25
232.40112045 29.4538806601 0 0.793774859849 25
352.124287416 29.1349640433 0 0.944361823509 25
146.499629101 28.8739451788 0 0.715469221513 25
191.100437273 28.7827015497 0 0.656873108532 25
106.571654724 28.6107178259 0 0.862668212622 25
154.928966762 26.4333043426 0 0.8449742965 25
90.3237639797 26.9405415398 0 0.692171972067 25
141.986485873 25.7307333494 0 0.817805049349 25
127.355970019 25.3543587021 0 0.847720824704 25
20.8132443438 27.4900462966 0 0.730372892703 25
202.83896017 28.4392446126 0 0.779185991093 25
267.120132677 29.0241657516 0 0.684845538478 25
43.8006411354 29.8565491968 0 0.850185001136 25
77.0240513976 28.6499326558 0 0.92095224132 25
143.899901646 28.432486034 0 0.920465622161 25
124.015006815 25.1838078695 0 0.835273337751 25
273.982533199 28.4486294719 0 0.929926405809 25
94.2843109529 27.5547964208 0 0.901352471721 25
340.258635184 26.6364429862 0 0.917275125486 25
107.376614821 26.8565489031 0 0.923902987581 25
152.45987427 27.1598785254 0 0.903452119325 25
305.157897402 26.7053779957 0 0.921310992548 25
220.734480538 27.0621356181 0 0.899855152336 25
